Train loss: [0.021190432645158488, 0.009449699350229783, 0.008232254156436554, 0.00731995574190893, 0.006562245847641783, 0.005889439716972899, 0.005283823738699386, 0.004745747718315669, 0.0042774071973133545, 0.003876838263574348, 0.0035367295357867125, 0.0032464798109181872, 0.0029953402597917836, 0.0027744692068433787, 0.0025774606181496224, 0.0023999943977101963, 0.0022392377070860584, 0.0020932918413085985, 0.0019607938100673766, 0.0018406677683116036, 0.0017319853369427425, 0.001633891279956812, 0.0015455660463229745, 0.0014662050525657833, 0.0013950154081506475, 0.0013312203551534923, 0.0012740709746608353, 0.0012228585440688794, 0.0011769235681512653, 0.001135664149723099, 0.0010985384081380444, 0.0010650645143933, 0.0010348174731270438, 0.0010074239132062258, 0.0009825584204357974, 0.0009599363132179032, 0.0009393086076932776, 0.000920456706205465, 0.0009031888294279025, 0.0008873355955302302, 0.0008727483135976643, 0.0008592955554148384, 0.0008468610881225576, 0.0008353422917880748, 0.000824649446343901, 0.0008147025688096805, 0.000805431468967577, 0.0007967746006802204, 0.0007886779141105619, 0.0007810935642263887]
Val loss: [0.00902374554425478, 0.007448477670550346, 0.006531456019729376, 0.005959165282547474, 0.005528555251657963, 0.005172640550881624, 0.004882358945906162, 0.0046593621373176575, 0.0044962018728256226, 0.004373897798359394, 0.004270283505320549, 0.004169208463281393, 0.004063223954290152, 0.003950994461774826, 0.0038339290767908096, 0.003714116755872965, 0.003593496745452285, 0.0034736981615424156, 0.003356130560860038, 0.003242087783291936, 0.0031327835749834776, 0.0030292882584035397, 0.002932461444288492, 0.0028428786899894476, 0.0027608259115368128, 0.0026863189414143562, 0.0026191577780991793, 0.0025589803699404, 0.0025053229182958603, 0.0024576582945883274, 0.0024154391139745712, 0.002378123113885522, 0.002345188520848751, 0.002316150814294815, 0.002290567383170128, 0.00226803682744503, 0.00224820408038795, 0.0022307552862912416, 0.002215417567640543, 0.002201953437179327, 0.002190159633755684, 0.0021798592060804367, 0.0021709026768803596, 0.002163161523640156, 0.0021565244533121586, 0.0021508964709937572, 0.002146196085959673, 0.0021423534490168095, 0.002139307791367173, 0.0021370071917772293]
lr: 0.0001
batch_size: 16
num_epochs: 50
kernel_width: 4
hidden_size: 64
win_len: 64
all_feature: ['SGX-CO']
target_gas: CO
