Train loss: [0.020037625120544928, 0.012917702958075959, 0.011909397850198858, 0.011046094167426494, 0.010255544456328161, 0.009543141727087767, 0.008901972911105706, 0.008324335881415203, 0.007802675454464008, 0.007330304046971558, 0.00690165102790446, 0.006512209670563068, 0.006158315945835508, 0.0058368388860976905, 0.005544895636325581, 0.005279654515190767, 0.005038248522196119, 0.004817794615502012, 0.004615478154778833, 0.004428661116481532, 0.004254980862261893, 0.004092406665013563, 0.003939255981667508, 0.0037941780613636126, 0.0036561079667715808, 0.0035242175201185533, 0.003397861319544488, 0.0032765338142242656, 0.003159833494739155, 0.0030474349060068294, 0.0029390722956817, 0.002834521421677703, 0.00273359553149995, 0.002636133840158802, 0.0025419978587474874, 0.0024510692304948113, 0.0023632449928682143, 0.0022784353587941746, 0.0021965630577061566, 0.0021175600524947664, 0.0020413670854191102, 0.0019679323409149455, 0.0018972098229441945, 0.0018291582477405754, 0.0017637412565258833, 0.0017009235425306671, 0.001640672902383748, 0.001582957075401788, 0.0015277422465846912, 0.0014749940867761712, 0.0014246765824486695, 0.0013767490290193516, 0.0013311680582677118, 0.0012878863758148526, 0.0012468514578229577, 0.0012080065049120837, 0.0011712904420223902, 0.0011366376820014868, 0.001103978714293982, 0.0010732399991344242, 0.0010443447609624918, 0.001017213667764951, 0.0009917642403195596, 0.000967913294161433, 0.0009455762318605502, 0.0009246678936113355, 0.0009051028540572868, 0.0008867965910594756, 0.0008696661883904516, 0.000853629587714136, 0.0008386082895590576, 0.0008245255449544308, 0.0008113083042501963, 0.0007988871397593847, 0.0007871958274206907, 0.0007761729203340922, 0.0007657597473128175, 0.0007559028746885352, 0.0007465521800166448, 0.0007376615638629748, 0.0007291883187500771, 0.0007210940350613077, 0.0007133427455596978, 0.0007059026771974501, 0.0006987441320126579, 0.0006918405049023103, 0.0006851681489524977, 0.0006787056896212847, 0.00067243314321985, 0.0006663340427664786, 0.0006603925070069598, 0.0006545946359518673, 0.000648928355472438, 0.0006433832860061315, 0.0006379493858014955, 0.0006326183864775185, 0.0006273832212108567, 0.0006222370392009175, 0.00061717457110448, 0.0006121908658261262]
lr: 0.0001
batch_size: 16
num_epochs: 100
kernel_width: 4
hidden_size: 64
win_len: 24
all_feature: ['SGX-CO', 'SGX-SO2']
target_gas: CO
